1000
806
390
973
719
427
997
732
615
175
793
203
502
166
341
48
514
207
526
709
890
851
702
801
483
885
690
803
500
891
819
740
648
858
651
206
66
225
128
16
58
596
707
529
798
265
727
420
959
765
82
440
899
100
826
772
768
546
140
714
98
539
929
370
508
987
415
779
633
281
830
385
758
916
407
156
906
233
269
61
423
179
860
687
603
409
435
172
375
816
312
812
452
52
722
872
354
912
983
952
376
428
621
935
588
968
319
988
949
701
358
848
499
880
276
314
116
121
871
33
349
378
850
823
602
441
518
892
827
650
674
547
698
405
3
895
495
862
610
135
754
972
512
9
491
2
397
379
27
219
277
567
933
762
244
583
444
161
672
884
999
564
102
924
164
748
392
576
230
177
898
309
17
424
231
855
628
482
252
381
946
371
359
273
53
531
54
108
443
247
437
671
713
510
11
609
723
541
585
25
229
888
735
130
235
961
755
496
284
263
449
944
870
76
638
822
324
661
802
574
817
243
487
692
647
81
99
464
818
402
60
325
601
92
733
764
217
731
196
641
697
861
522
599
925
653
44
849
900
155
454
752
931
303
533
876
930
167
695
137
954
613
847
286
181
926
290
607
962
280
555
548
95
581
67
148
70
210
72
396
497
232
786
950
132
813
430
877
854
50
980
369
644
805
646
664
809
193
288
123
521
282
960
51
699
886
109
943
734
662
475
552
30
438
270
474
488
591
458
629
634
971
386
408
730
368
256
828
337
241
537
40
569
494
751
894
982
249
493
914
200
682
800
93
792
720
689
570
90
580
721
124
974
937
283
431
820
393
226
928
679
794
467
71
162
624
659
737
846
468
797
118
23
157
795
863
715
361
917
796
839
78
35
7
104
656
708
165
631
832
267
432
717
530
561
85
517
461
777
222
331
934
228
202
963
299
403
264
486
970
790
400
919
448
782
96
326
111
632
260
88
683
459
188
248
920
967
143
841
657
977
939
178
484
975
215
185
391
783
453
411
838
120
315
287
766
62
992
964
660
224
388
867
787
4
524
616
339
389
479
712
776
362
986
295
94
577
572
593
69
127
590
462
24
245
837
670
835
703
859
887
706
289
945
328
684
538
416
770
680
333
750
214
620
250
784
991
345
742
107
477
833
498
865
532
681
678
74
691
28
893
799
976
902
13
15
56
845
485
606
298
59
465
666
473
187
417
434
173
234
57
139
746
147
767
254
677
489
442
759
191
965
149
451
523
600
773
204
673
170
258
220
65
594
447
527
534
159
189
554
587
347
119
209
978
753
604
292
300
184
31
829
941
377
540
255
953
519
279
342
505
655
589
268
422
419
528
55
840
480
568
696
272
501
168
321
212
725
122
756
141
129
446
195
20
455
436
387
383
824
868
412
216
293
456
918
981
301
211
5
236
218
307
942
160
630
131
450
566
550
642
761
652
353
357
457
197
883
45
543
42
112
852
1000
788
240
507
584
77
316
399
208
373
311
262
869
993
410
192
511
6
198
1
117
21
151
834
989
956
125
741
804
382
915
693
724
153
86
163
545
747
903
106
133
669
146
238
302
169
89
998
710
469
844
882
623
535
542
654
43
743
685
921
791
404
335
843
866
557
994
274
80
336
889
560
84
879
304
261
64
985
592
520
553
37
763
182
194
36
63
853
296
901
239
10
807
910
176
611
996
556
957
103
114
308
778
951
780
923
152
213
352
294
367
745
87
536
445
573
966
113
46
625
26
429
582
297
857
645
138
343
658
842
242
736
246
356
831
562
398
504
374
227
223
785
739
490
769
346
643
278
470
686
472
637
675
285
154
694
598
476
781
622
525
340
275
513
323
749
688
350
68
439
614
257
825
908
34
171
503
635
32
626
617
665
913
266
571
330
384
605
815
18
41
958
881
668
306
327
775
729
481
334
856
322
47
158
463
565
760
394
515
186
49
922
874
329
649
313
969
421
904
909
774
864
836
726
711
22
360
821
559
145
205
808
595
380
115
91
897
395
789
618
201
144
150
305
460
14
73
639
344
199
351
558
310
640
575
79
700
237
936
586
259
667
492
253
811
608
597
619
948
365
676
907
471
955
366
363
355
738
878
744
932
426
896
771
579
466
251
814
718
995
401
984
190
544
83
911
757
97
612
126
318
38
364
271
979
332
425
8
180
413
291
348
478
418
174
549
516
810
905
317
704
142
75
110
506
716
636
563
12
551
221
320
406
372
338
990
705
433
578
134
927
940
105
947
39
101
414
663
938
875
627
29
873
183
136
19
509
728